0,1,2,3
0.13463813693923446,7.240698181847033e-05,8.28980419192111e-06,0.8652811662747552
1.3315003698373822e-05,1.149997019673174e-07,8.71849873305449e-09,0.9999865612781008
1.6984465117361503e-10,1.7360737960479775e-12,2.8477072460022963e-09,0.9999999969807121
0.0002117787824372174,3.4055758123992124e-08,2.0853860990479748e-10,0.999788186953266
0.9969874449025077,0.002230156252016272,1.195300834613528e-05,0.0007704458371298775
1.9071213990963712e-07,1.3883929127134913e-08,3.5788219818693917e-07,0.9999994375217327
9.950534823653586e-08,7.0985881428561e-08,3.9226848675950584e-06,0.9999959068239028
0.9996243541459234,3.1418653230722447e-06,2.653538589451013e-06,0.0003698504501640169
7.46560845809548e-05,3.2478697406921074e-06,0.84981731824478,0.15010477780089826
1.8682343516983967e-05,2.441579304941774e-05,0.630116818683353,0.36984008318008066
2.772641094254465e-06,2.3296863609491374e-08,0.9998326826284888,0.00016452143355348954
4.0538311669012694e-07,1.0521729700208823e-08,2.654858776550376e-05,0.9999730355073881
0.7245957573475224,1.1557043561889753e-05,3.978563626740703e-05,0.27535289997264845
1.4289712241036093e-06,8.245238156863398e-09,9.655804500936167e-08,0.9999984662254927
7.757277409581189e-07,9.052248814034317e-08,0.9948853178154841,0.005113815934286993
0.010885644507267743,0.0007542592026404269,6.275535179959592e-05,0.9882973409382922
0.9946878400141972,0.00022196819867756123,8.586726172381017e-07,0.005089333114507949
0.680349104345887,7.861614636223773e-05,0.007539147335376685,0.312033132172374
2.8647979293189284e-05,1.3098004048313668e-05,3.276324971114983e-06,0.9999549776916873
0.0008410546916611007,1.3110247216986288e-06,1.6522117552383987e-07,0.9991574690624417
2.7922305869823336e-07,1.087885018549605e-08,6.945589202048659e-06,0.999992764308889
0.056137685271442125,4.153981911761187e-05,0.00011279754624965759,0.9437079773631906
4.687168653592031e-07,1.0979113220507158e-07,2.4453646508256385e-09,0.9999994190466377
0.10786101942635441,0.0002220720278443731,0.863199524873538,0.02871738367226329
0.9908883599632461,0.0005621461313555816,3.223841030771563e-05,0.00851725549509081
0.0012593218231536927,4.213547167632609e-08,9.127802364355149e-05,0.998649358017731
4.722637806984044e-10,2.991751761584748e-09,1.902627921113031e-06,0.9999980939080634
1.4029931289633976e-05,7.165283461883553e-08,0.9938013701990198,0.006184528216855912
3.728702211779338e-08,2.6625600579007345e-08,1.0586010356299074e-06,0.9999988774863416
0.9931623670253429,1.2294566518426046e-05,0.00023927239095846464,0.006586066017180332
5.573050894326222e-10,1.1511534303517536e-10,1.5814576364034262e-07,0.999999841181816
0.0003518058423440245,1.2182323461529753e-06,2.634687046236178e-09,0.9996469732906227
8.566295688999899e-06,1.7342791061859737e-08,1.1819791117324334e-07,0.9999912981636089
0.054416059410178866,0.00012137180306462462,0.08958314310093085,0.8558794256858255
2.2092961521451198e-07,1.1958569004699353e-08,6.107418709324489e-05,0.9999386929247225
6.376154892722499e-10,4.0184901821190677e-10,0.00034036520141259897,0.9996596337591228
0.0006469338571161921,0.0005938805684635877,0.0011589502106034697,0.9976002353638167
3.0990732335659995e-07,2.081371427926794e-08,0.005241222649013562,0.9947584466299488
0.13142590223582926,0.8209026228309548,7.737843593436166e-05,0.0475940964972816
0.022946721491614315,6.557278927822123e-05,0.001954065220597838,0.9750336404985097
1.3266932813217419e-06,2.3500391904323722e-08,1.707626176226625e-10,0.9999986496355643
5.5288731014235616e-08,7.598957308000716e-11,1.6397283768135023e-07,0.9999997806624418
4.916166910692292e-09,5.927191903998765e-10,5.619956220431727e-10,0.9999999939291182
7.802929282871612e-07,1.9613780797585998e-07,0.00018907754405176296,0.9998099460252121
4.883111547962814e-10,6.715474507244827e-10,4.556036671226644e-08,0.9999999532797748
2.391996812216939e-10,5.538856998012294e-11,8.228101198519226e-06,0.9999917716042132
0.9982424037945548,0.0016368095695003966,7.479150308569998e-05,4.599513285914703e-05
1.2148076725809497e-07,1.1510375061978971e-08,0.00211365966068037,0.9978862073481772
9.631646859688982e-05,9.83549415034302e-08,0.9949293447181534,0.004974240458308071
0.05653012304511601,5.976329977797529e-05,1.0605278186502167e-05,0.9433995083769194
3.351927494892752e-06,5.175757751431754e-08,0.9999852783772606,1.1317937667223862e-05
0.00023253895401705352,0.06667773409341236,0.0005563837770495633,0.9325333431755211
6.068024447848827e-09,1.8661679763767935e-11,2.1434802523173765e-09,0.9999999917698336
0.0002088785235458931,1.1685983626966923e-05,3.077576775723283e-05,0.99974865972507
7.420744677497316e-08,2.6002233444952174e-09,5.189686706298952e-08,0.9999998712954629
0.9999007761480492,4.006473795326361e-05,2.296006789639485e-05,3.6199046100987614e-05
0.0003422285617702439,7.06608781795611e-08,0.99951084058438,0.0001468601929715862
6.876515629841238e-08,5.51870574677036e-09,0.000515800317550749,0.9994841253985872
0.999688526355374,6.716753981530444e-06,6.122501993319787e-06,0.0002986343886513312
3.449883404603351e-10,1.1282172371967147e-10,9.966256208357543e-08,0.9999998998796278
0.00044615126589160793,2.0379361049171513e-06,8.630566474013711e-09,0.9995518021674371
1.4672710267676427e-06,8.446775251718551e-06,0.007372294641051244,0.9926177913126703
0.17764875491322568,0.001972194663391102,5.800289425548475e-05,0.8203210475291277
4.274707311047501e-06,2.167869914192726e-07,0.00023287329266283646,0.9997626352130348
2.0125801180528387e-08,4.1301188302428244e-08,9.865772933328093e-07,0.9999989519957172
1.0191368088243709e-05,6.236849442164143e-09,6.641051153773035e-10,0.9999898017309573
1.8126866925338458e-08,4.5092952138701205e-09,0.00022056129355672302,0.9997794160702811
7.140874978518555e-05,2.0078161798222887e-07,0.999863037651405,6.535281719167667e-05
1.5250606921477123e-07,3.525894124700182e-07,2.215445710285984e-05,0.9999773404474154
5.068228476614256e-10,4.1208739141770926e-11,1.0156302542011653e-05,0.9999898431494264
0.0003921525451383652,2.3857542001102664e-07,0.0020162777796231134,0.9975913310998185
0.00021111358301925746,2.5517346531452753e-06,2.423334622884652e-07,0.9997860923488653
0.994980133934827,0.0002446332324762284,8.18176305913374e-06,0.0047670510696377535
9.396024788556601e-06,8.600056389677086e-06,2.5823112480787277e-07,0.999981745687697
0.002132757934514713,6.046234418949128e-07,6.032803699408035e-06,0.9978606046383441
2.645944520479752e-10,1.4664956970164918e-09,7.420916241190486e-07,0.9999992561772856
0.8982035301799736,0.0003090174100313064,0.03592535746783557,0.06556209494215962
0.014241495697768718,4.9002482742052586e-05,0.002887127841414046,0.9828223739780753
0.6632189452536342,0.0234580991539378,0.004100811000386817,0.30922214459204106
1.7520229512506564e-09,3.4184828355337543e-09,2.1343012987727732e-08,0.9999999734864813
3.432705518814482e-07,8.914426349732787e-09,2.1827240528680866e-07,0.9999994295426166
0.0003328286380212922,5.491390148209591e-07,0.9519742182138852,0.04769240400907868
9.285168052426153e-08,1.0358031969101592e-08,0.9999998863852375,1.0405049890986146e-08
1.749640514567174e-08,1.4293306300330785e-09,1.2871613685372992e-06,0.9999986939128956
7.8577027112806e-06,8.738886421056346e-06,0.13478578676470881,0.8651976166461588
2.0506899843866307e-05,8.584218666689495e-05,0.0004484013397297311,0.9994452495737596
6.153837216640055e-05,2.454410006613002e-06,0.9940768100534275,0.005859197164399367
4.472749208951252e-06,5.299254208492095e-07,1.962653996035764e-05,0.99997537078541
1.2427533210696443e-06,5.856828450304278e-09,8.021274770965897e-07,0.9999979492623734
0.9960254504999321,0.00013381198209534635,2.6120788325433714e-05,0.0038146167296470193
0.9830206764787319,5.279538560481857e-05,0.00014354955462193204,0.01678297858104123
4.414280890608039e-06,2.1826089576201385e-06,0.009816248476680223,0.9901771546334716
2.595726498701225e-06,1.762941121231934e-06,0.07165993311088455,0.9283357082214955
8.952668964924678e-05,1.2595717076735118e-07,1.2684918998037304e-08,0.999910334668261
2.1042219832408694e-09,6.254968281208058e-10,7.223248758532042e-07,0.9999992749454053
1.0447129810773983e-07,1.976470877625747e-09,4.260432858033389e-10,0.9999998931261876
2.4024040265095947e-05,1.1973618972065338e-08,1.3395494146425287e-05,0.9999625684919695
3.604698629763786e-09,8.519616960235779e-11,1.0962961936046148e-07,0.9999998866804858
2.6365676489225797e-09,2.931296669538757e-09,0.00047158282912557024,0.9995284116030101
7.494288300626151e-05,2.447506158457631e-06,0.07530122999800655,0.9246213796128288
0.9999759578843013,1.2219476729242589e-05,1.1716704634690041e-05,1.0593433467020243e-07
7.826762709405905e-07,9.291280088496624e-09,8.314920043815338e-07,0.9999983765404445
6.4671754782596985e-06,1.6926881760259476e-06,0.9998806745821076,0.00011116555423799198
0.5551887693330833,0.4290939711822158,0.0008314723259196724,0.014885787158781336
3.122178857315012e-07,8.506442936261188e-10,7.245021771910467e-08,0.9999996144812523
2.5873477709617962e-06,3.34243693675698e-08,0.001299607667646071,0.9986977715602136
3.2864937879910094e-08,5.72118829889421e-08,3.071751885745945e-06,0.9999968381712935
6.1558109979306296e-06,5.585417967842057e-07,0.2845098198660017,0.7154834657812035
5.0373686148923486e-05,6.9490456595471354e-06,0.9988502101909311,0.0010924670772605603
9.202436998364372e-09,8.527344334298508e-09,1.9485705528305575e-07,0.9999997874131633
2.2576839008672588e-07,6.153729350493399e-07,0.6980724635756221,0.30192669528305266
0.00022120824730324817,3.5404240269180203e-07,0.9996297557102891,0.00014868200000479396
8.533617408990053e-08,3.3151818969930094e-09,0.9999981796275035,1.7317211404872041e-06
6.771047940334988e-05,1.5001342925258668e-06,0.0011759454713937954,0.9987548439149104
3.0796736142511926e-05,5.4502433552377234e-05,8.323204068725839e-05,0.9998314687896178
4.683467219530035e-06,9.660189955070138e-09,5.533601883666929e-07,0.9999947535124021
1.3073914317896256e-06,3.456463684196729e-07,0.0003562657712566952,0.9996420811909431
0.08928060241278848,0.000157075388611928,0.0009514813002662575,0.9096108408983334
1.2307686380271171e-08,6.390331845806502e-09,0.0008191213549991905,0.9991808599469826
0.0006679518641127984,0.00012093451145194901,3.353703806974899e-07,0.9992107782540546
4.6442141885250164e-07,8.894686143141685e-09,0.0010668840459866346,0.9989326426379085
0.0001684947225579089,2.382554639067004e-05,0.6734235036718594,0.326384176059192
2.8479287196015267e-05,7.772355936166648e-06,3.4468135159042653e-10,0.9999637480121866
0.2749326748438512,0.023393507522683772,0.0006510227340811965,0.7010227948993838
1.7339622064295763e-08,3.6126999700564535e-10,3.4680424534382154e-08,0.9999999476186835
6.740974781274175e-08,9.779905913655554e-10,5.48830451312682e-06,0.9999944433077484
0.9882615347669675,2.0071112955280317e-06,1.2199413501231516e-07,0.011736336127602094
0.9995389612824106,2.837977271342367e-05,8.876085505116763e-05,0.000343898089824702
1.1782592676690226e-06,8.272005604289358e-06,0.0002208548063973416,0.9997696949287308
0.00014097844576024495,3.854837609514538e-08,0.0003584508140304571,0.9995005321918331
8.17740931615102e-06,5.757209119941872e-05,0.00022411023504484087,0.9997101402644395
0.0001740867896452253,1.867411253653277e-06,0.9981681789125222,0.001655866886578853
0.0014414539865658033,0.00030219723035891346,3.748482576382347e-05,0.9982188639573115
0.9991212864405975,5.7182369324096624e-05,6.759827596943772e-06,0.0008147713624814616
7.65468627110363e-12,9.265878049451031e-12,8.495542658397787e-09,0.9999999914875367
1.4495215199739946e-07,9.397494703083969e-08,6.428724420283546e-05,0.9999354738286981
1.1216741789161714e-09,2.4102444784127903e-10,2.548070705223732e-06,0.9999974505665962
0.03120929333984405,0.0015474558493581594,1.9480627883384095e-07,0.967243056004519
3.353763980887516e-09,2.2216455742007116e-10,6.323174086415918e-08,0.9999999331923306
1.3555140788130111e-05,2.1769531341972445e-07,0.21873001406489684,0.7812562130990016
1.263718451146657e-06,3.68853828212348e-08,0.9430429093019982,0.056955790094167826
4.972321424411392e-05,3.3611084348363715e-06,2.6255694548532415e-06,0.9999442901078661
0.012023279047027486,0.9659245191247325,0.02197052196840814,8.167985983182339e-05
1.1461696474174443e-06,1.832747202606566e-08,1.765377692486585e-05,0.9999811817259556
3.3293199988428807e-05,2.145195395248185e-07,2.7897565034192123e-07,0.9999662133048218
0.15882035402667233,0.005729494638011721,0.00019968517016341944,0.8352504661651524
0.9898339963397461,0.00018515490912688465,0.0001230563601561827,0.00985779239097094
8.019579111097619e-08,7.684927760182238e-09,2.051892094717838e-05,0.9999793931983338
5.996418837434652e-11,1.1698963171664883e-11,5.718797803596386e-06,0.9999942811305331
1.3920685131644376e-05,1.1896355919928228e-06,0.7279676682325271,0.2720172214467492
1.446705146018935e-07,1.747334248279544e-09,1.6808579669621846e-09,0.9999998519012931
9.47180389549201e-10,1.4630512089492673e-08,4.330590020826974e-05,0.9999566785220992
0.00027315604158326465,1.4104574969149826e-06,0.9934372114062457,0.00628822209467409
3.978808782710088e-06,7.475227400416555e-07,0.013509926686607459,0.9864853469818698
0.0001629817754745773,1.8413159794624276e-06,4.105176932342843e-06,0.9998310717316137
1.3894703517473125e-06,2.1477870451379752e-05,7.12233677035117e-05,0.9999059092914935
1.2287159202303897e-07,1.462515154686449e-07,1.9261429464097002e-07,0.9999995382625979
8.957759888199421e-06,4.090320815055693e-07,3.967124775005908e-07,0.9999902364955527
2.2887264519840015e-08,1.44730167529867e-08,0.0013951961316365344,0.9986047665080822
0.2544866701199315,0.0005306616905891743,0.00021656318081569192,0.7447661050086636
1.9092943190267645e-06,7.436933077414946e-08,0.01207937002739024,0.9879186463089599
0.06293122004932487,0.936869615801678,3.178562182622311e-05,0.00016737852717083718
0.9995303786209262,5.705416444107247e-06,1.670919437957096e-05,0.00044720676825000096
0.04074213686833964,0.016950536537671257,0.042366484466576315,0.8999408421274129
8.587652384026029e-05,1.64810830272997e-06,0.9995909746380384,0.00032150072981852393
0.09542491151255128,0.0002507894743379448,4.672098039542857e-05,0.9042775780327154
2.4581429139736084e-07,2.9144335046370474e-07,0.005392545037098265,0.9946069177052598
0.007630947158335308,0.009504839376599697,8.16169405886063e-07,0.9828633972956591
7.299302876089971e-06,6.38518196222008e-08,0.9999858513106447,6.785534659597176e-06
2.0971548707590733e-08,6.4175388993939035e-09,5.318903898163009e-07,0.9999994407205225
0.00022496963802310293,5.064805795819406e-07,7.645382930308301e-09,0.9997745162360143
2.702953823430066e-06,1.9396119187461425e-07,0.9999606979701371,3.640511484775737e-05
2.3700032704462912e-07,3.350857479376744e-09,8.039049678389558e-08,0.9999996792583187
0.6646178229672549,0.33530010218104,8.179337867394788e-05,2.814730310396997e-07
2.6928030649733657e-05,5.387591361305752e-06,0.1553334229446507,0.8446342614333383
5.319715847577739e-10,3.6436990934581336e-11,2.8440218858673336e-08,0.9999999709913727
1.1631910106714147e-10,3.6621743440275285e-10,2.1136475420746274e-07,0.9999997881527092
2.488781051217466e-06,3.514785883061688e-07,0.16917804330072034,0.8308191164396402
8.200090273094935e-07,5.377622961040773e-07,7.048861911520249e-06,0.999991593366765
3.0442158584469162e-05,1.2461660458470253e-07,0.9969118785061245,0.0030575547186865626
7.195815138495483e-07,2.340636154295763e-07,6.879916484088301e-05,0.9999302471900299
5.812436047893497e-05,1.4236031178095392e-06,0.9988687454666952,0.0010717065697080815
0.942341196600189,0.00010746850189297928,0.011225219766440446,0.04632611513147764
0.0002351518244960144,7.563280246245883e-07,0.054567228022269765,0.9451968638252096
0.001099133801318105,8.27922575428211e-06,0.9982651472631626,0.0006274397097650524
2.0785446207878022e-06,2.746091848446792e-07,0.9999872702387608,1.0376607433659687e-05
3.1894608211377383e-09,4.671360772632756e-11,1.6968793704333528e-07,0.9999998270758884
0.33659648583734253,0.004340015904268788,0.0009717003237942531,0.6580917979345945
8.694082128368422e-10,9.436614648058829e-10,4.782239053694024e-06,0.9999952159478767
4.005761553631533e-05,2.6971192687090246e-06,0.2653631900410214,0.7345940552241736
9.65596954808718e-09,2.3733177412945762e-09,0.0005958942471216295,0.9994040937235911
3.307057462279238e-07,8.96937791943663e-09,0.999920122857092,7.953746778384669e-05
0.5313523866310074,0.12959187961612348,0.31775774130533746,0.02129799244753147
5.619793041904688e-06,3.578562107746876e-06,0.4090520438805025,0.5909387577643478
0.9089168386923167,0.08547777789224655,1.274293005206654e-05,0.005592640485384773
1.702155301738486e-09,6.430549458561966e-10,3.561633711960739e-07,0.9999996414914185
5.620892716655661e-07,4.282214371760707e-07,1.2398755492222058e-07,0.9999988857017363
0.5048400155634414,0.4845137567308841,0.00025313643713897687,0.010393091268535536
1.2774106554251022e-06,2.3512643745430582e-06,9.794406889617196e-07,0.999995391884281
0.9907845668012593,0.0004518306006890867,0.0067880321466717,0.0019755704513799337
1.4385743064969077e-05,4.088813597029989e-07,0.9868295966946521,0.013155608680923164
0.0015557813389674268,1.4993540798028713e-07,0.9728233596807061,0.02562070904491843
0.05992431685138848,1.1895625486544905e-05,4.1297396051273037e-05,0.9400224901270736
0.0011914930592161568,6.081917156359368e-08,3.1887720195149884e-08,0.9988084142338922
0.9073704066228682,0.08351765080937189,3.4358171320756794e-05,0.009077584396439237
4.5262909461896297e-07,1.632047910081872e-08,1.216767972684051e-08,0.9999995188827465
0.3162079270839062,0.04398438641563916,2.953208484403468e-05,0.6397781544156106
6.965795030209176e-08,1.885806237219877e-09,4.711456186044811e-07,0.9999994573106249
0.9420866459488624,2.6531606082130088e-05,2.0429683012847413e-07,0.057886618148225634
2.843846463043754e-06,1.3557683361445098e-08,0.9999971296471635,1.2948689951685622e-08
0.22949738991528815,0.00034749280795118954,0.00019555650188637482,0.7699595607748744
0.3125560968336651,0.001111127081707916,1.7508194373347628e-06,0.6863310252651897
0.0002015639090560408,1.1167496057066183e-06,0.0010159232744038288,0.9987813960669345
0.9736873344186386,0.004200706026591182,1.0499249642806241e-05,0.02210146030512751
1.0591167001283795e-05,6.629136409642041e-06,0.9996519824776096,0.0003307972189796795
0.009162408135519835,0.09881618122065346,0.0006559077748179911,0.8913655028690087
0.0005314497456648301,4.540416950474778e-05,0.004094257391612548,0.9953288886932179
1.4329228050757617e-06,2.7891607002688223e-07,0.011418078392502796,0.988580209768622
1.379798267856941e-09,8.949888075683057e-10,8.183558032158587e-08,0.9999999158896327
0.8788451836633256,0.00015612555603244037,4.6847437036237034e-06,0.1209940060369382
0.21366962266588002,0.7763494377812042,1.1931937428750061e-05,0.009969007615487096
4.947890354988076e-10,2.058991549736417e-10,1.0310873647325195e-06,0.9999989682119471
2.7134219670795514e-09,5.428144784272609e-10,4.7799715301219936e-05,0.9999521970284624
1.3191505777874623e-11,6.093271784362658e-11,5.3871231575429315e-08,0.9999999460546443
2.793125769155308e-07,2.53512889690547e-07,0.00756706321215336,0.9924324039623801
7.232545971584458e-07,1.0532057632366045e-08,5.7249820763772804e-05,0.9999420163925815
0.9982789228768202,0.0014345950946243785,3.6735717808452416e-07,0.0002861146713773957
3.815283170686889e-06,1.2151367858836473e-05,3.1473911280661615e-06,0.9999808859578424
0.6887813032976068,0.0004250305136436149,0.008803789590584884,0.3019898765981647
2.2720935567174937e-09,1.0156172276920952e-10,1.4996654416260877e-06,0.999998497960903
0.00037827813308759966,1.50314437981022e-08,8.851991275076973e-07,0.999620821636341
0.005092209533489375,0.020575122446027497,8.934159726955098e-06,0.9743237338607561
4.7445792606722596e-05,2.56745027007445e-07,0.9973824843596216,0.0025698131027445934
4.0290430652168056e-05,3.286055064176753e-08,0.9983248957308891,0.0016347809779081318
8.805872878578234e-08,1.4757376684249022e-06,1.3199553959413173e-07,0.9999983042080631
5.084626527548151e-06,8.158668890268331e-07,0.9288029588844685,0.07119114062211485
0.5830126093377471,8.315378949362723e-06,1.4028129260682725e-07,0.4169789350020108
2.4685426882252747e-05,8.384227786073515e-08,0.9998792979623177,9.593276852222062e-05
1.9335488492178347e-06,1.533036685376459e-08,0.005429800846803583,0.9945682502739804
4.164771918752045e-05,3.3958299842047538e-06,0.9998332163542846,0.0001217400965438597
4.8049178814823585e-06,7.701054002378149e-07,0.5628709107103445,0.4371235142663738
2.061243490641604e-08,3.605383010236763e-08,6.7951062615509925e-06,0.9999931482274735
0.3078318598476314,0.0006156510945251039,1.3533604764178972e-05,0.6915389554530793
2.5915423356739007e-06,2.068759093592628e-08,1.6013910606218438e-07,0.9999972276309674
0.0002226290090964333,1.3042677993130558e-07,0.00010243565685768291,0.9996748049072659
7.408941075005954e-09,2.1407696895096797e-10,2.9648854780176376e-06,0.999997027491504
1.298438541564998e-08,9.260008484008745e-10,1.6587746458892348e-06,0.9999983273149678
0.00010443742059200953,4.4418282575868934e-07,4.812751198445044e-09,0.9998951135838311
2.5016208427660296e-05,3.103869582860893e-06,0.2971627653327594,0.70280911458923
1.1992863704452097e-11,5.867518435728359e-12,3.1974869347287235e-07,0.9999996802334462
1.1250937648232636e-08,2.551339785998829e-10,3.916509501851564e-06,0.9999960719844264
0.9987294575429986,0.0011812768002624,6.968313132932531e-05,1.9582525409929736e-05
3.232695314149354e-06,8.218288904560729e-07,0.8657217904292622,0.1342741550465331
0.0016770572762241569,1.707928535829491e-05,2.03937152258419e-08,0.9983058430447024
1.1273348282431767e-06,7.902618106647969e-08,0.00037673318457930526,0.9996220604544114
2.9170560227779735e-05,1.4612768392111091e-07,3.0154334203071323e-09,0.9999706802966549
5.193677606514164e-08,1.8208848137791524e-08,2.3865167685181908e-05,0.9999760646866905
0.02284097559064479,6.364390000889105e-05,0.002394175629723907,0.9747012048796223
0.06155088100198726,0.0004626522042173267,0.9328679323729709,0.005118534420824442
0.00027068255588402594,1.0417884859215314e-05,3.3647361569637204e-08,0.9997188659118951
6.629884748642381e-11,3.863943075876243e-11,2.681840747775435e-07,0.999999731710987
0.18526503230490726,0.0011709808770370958,1.1885168291967106e-06,0.8135627983012266
0.5826292736502272,0.25158343056587607,0.00011605265752783297,0.16567124312636886
1.0268766939837307e-07,9.961187926236628e-09,0.0008206826900300072,0.9991792046611127
1.4179355723479394e-06,1.7889521828206196e-09,1.0267928049455505e-05,0.9999883123474261
0.9829013867896161,0.00019405431016973385,1.1908792293457092e-05,0.016892650107920716
0.003138149220745026,8.584213135066026e-05,0.9961776588841362,0.0005983497637680295
3.3122844303292007e-08,1.1371883447070202e-10,3.6868129021527827e-06,0.9999962799505347
0.011360167913276856,6.528567043897333e-06,0.13272802779836473,0.8559052757213146
8.862273926551281e-07,2.161521664576935e-08,1.7418350482114527e-06,0.9999973503223425
0.0014232858847666391,0.9958019273104538,5.044708973944104e-07,0.0027742823338819263
4.2991721469371763e-07,1.3236651676248958e-07,9.210400639526516e-05,0.9999073337098732
1.4741864541406702e-05,1.9209802885908435e-07,7.897237953207301e-05,0.9999060936578977
5.595944613782835e-06,3.425371745215549e-08,2.7988251912639905e-09,0.9999943670028435
1.7614596961548307e-06,4.873757105006428e-09,1.6075931640480657e-07,0.9999980729072304
1.0207817189850937e-09,9.053919047325631e-11,1.7776876935668318e-06,0.9999982212009855
0.9992345233019839,6.024724625188258e-05,0.0004485645719918877,0.0002566648797722774
7.558120207927504e-08,3.8962103720229877e-08,8.450442304238197e-07,0.9999990404124637
0.0006214050616666473,7.222430143381582e-07,8.929231556728638e-09,0.9993778637660875
0.0010747623308329228,0.0005852730329709566,0.005177914072169726,0.9931620505640263
7.853446351273883e-08,1.3083983613052511e-08,0.001698561403477924,0.998301346978075
1.2089258699189557e-06,6.331398883008014e-11,2.0959579974840465e-10,0.9999987908012202
1.3253225233207507e-05,1.5819541040356617e-07,7.661028727657625e-09,0.9999865809183277
8.126156402806216e-07,2.021832105010328e-09,1.1396682370096165e-06,0.9999980456942906
0.0007396927614380305,9.491391480035389e-08,3.4832441427028645e-08,0.9992601774922056
0.9914085414406821,8.999786707390282e-06,1.5188149503290362e-05,0.008567270623106985
0.0019370344207594549,2.1663051868426244e-06,0.9980582537892596,2.5454847942671327e-06
0.8034213024760133,0.002067136034888286,0.17532947857843206,0.019182082910666354
1.1960698177456746e-07,4.384946319527658e-07,0.00018539216914097351,0.9998140497292453
0.8269479884951354,0.0011193279545209823,0.029979627005637024,0.14195305654470658
3.494435120210898e-10,1.1678544266217414e-10,6.191867463686351e-08,0.9999999376150964
3.3878724833526046e-07,1.0424581882395613e-08,0.0007578091324893226,0.9992418416556804
5.192168941036078e-10,2.750772179799052e-09,3.5409784550990977e-06,0.9999964557515557
2.3454056301202835e-05,1.0320117234804976e-05,0.00012310336146045844,0.9998431224650034
5.217307510385741e-10,8.50506576982615e-11,1.3102566013975767e-06,0.9999986891366173
0.00032727066865288355,0.0016543740277633213,2.0828322678809492e-07,0.998018147020357
0.9952934895134974,0.00044324645260649173,0.004203844904810909,5.9419129085155625e-05
4.211873895902092e-05,6.514655514690322e-07,2.582817821776527e-05,0.9999314016172719
0.0025863365731153263,6.43438997500843e-05,0.013310784174451973,0.9840385353526827
0.967526431498144,0.0016802610455381715,1.0741549371032592e-05,0.030782565906946825
0.0003676532591518927,1.1137223130037495e-07,2.642416286939519e-06,0.9996295929523299
2.353090575275178e-06,3.8977164015088695e-07,1.8213964741892892e-05,0.9999790431730426
4.501178951113112e-05,1.418019494212221e-07,0.9989342468799628,0.0010205995285766114
1.6134861700184718e-06,1.0971053052930526e-06,1.4291881360945251e-05,0.9999829975271637
1.1592574941206019e-08,8.944877234066936e-09,1.2609405276982084e-08,0.9999999668531425
9.189196980106652e-10,1.0738130043335784e-10,2.9221642127564615e-08,0.9999999697520567
0.00037754884052061146,7.478350937674e-07,7.060658542313265e-07,0.9996209972585314
0.0004209593785281364,0.000315746440653943,2.1043213948736015e-08,0.9992632731376039
4.0284643999292366e-05,2.6872106819794106e-07,0.6242039907707437,0.37575545586418885
0.919755784378164,0.00022716622388915426,0.007008338291441104,0.07300871110650568
6.56765891286825e-05,1.305137049220718e-07,2.5572781098054076e-08,0.9999341673243853
1.5559084409079047e-09,1.6314367655886788e-11,1.4039006654191713e-08,0.9999999843887706
0.9979303830375653,2.335782079039652e-06,2.990937180749381e-07,0.002066982086637602
6.05060524682255e-06,2.0987534009794717e-07,1.0790204979115111e-05,0.999982949314434
0.9996427761738733,0.0003238823031658849,3.318117627859716e-05,1.6034668222239807e-07
1.1970190856225874e-08,3.2665852984357643e-10,7.608332961615949e-05,0.9999239043735344
2.4455328183305393e-07,3.24740274369201e-08,2.032784942108925e-07,0.9999995196941964
5.393551802569856e-07,1.7759567694437947e-06,0.0065407247359284765,0.9934569599521219
0.08282983446490579,4.344416974282229e-05,0.035331239300533133,0.8817954820648183
7.569967743710901e-06,2.644485502053632e-06,0.9996212952385327,0.00036849030822155637
1.3582886369724676e-07,6.348570387399705e-08,0.09946062349863961,0.9005391771867928
0.24840627770865675,0.7501473013174776,1.1709404220183094e-05,0.0014347115696453844
5.282848876441728e-08,7.848767338448594e-07,1.2169132079925486e-07,0.9999990406034566
0.020788083460823566,0.01411388657529477,0.015915063049667586,0.9491829669142141
2.270557542604423e-08,1.3531106281921993e-07,3.3770653271457794e-06,0.9999964649180346
2.3025366791592718e-05,2.7135263525705166e-07,0.9998679817603531,0.00010872152021998164
2.698030981624037e-09,3.84309314442889e-09,6.6527734868257e-05,0.9999334657240075
0.00030124898970653103,5.706459247917991e-07,0.7671486506148469,0.23254952974952178
0.005977386661634934,0.00018225364281940508,0.010519121938245926,0.9833212377572997
3.766085722079179e-06,1.0330231138066225e-09,8.029280521391756e-06,0.9999882036007335
0.0001599297220479763,8.804577967378445e-07,0.9969440359534091,0.002895153866746288
1.2131505950311013e-11,5.137961638313214e-13,1.1040687238446532e-09,0.999999998883286
0.002831602333275698,0.0019687596198845305,2.0993616680533712e-05,0.9951786444301592
1.3839790759500636e-05,1.3518119396409e-07,0.9972553649720319,0.0027306600560145036
2.3618532290555813e-05,1.5775852442301826e-07,0.9645192341069302,0.03545698960225491
0.9030721558741949,0.00034077047634144335,0.00013084486464004497,0.09645622878482361
3.380219018113761e-09,3.985363946464491e-09,2.0294533915167079e-07,0.9999997896890778
3.616507521329958e-09,4.392039460832993e-09,1.726615777872495e-05,0.9999827258336742
0.9926281739320126,0.007000850865094191,2.7769225637717637e-06,0.00036819828032948215
0.0012468505327810399,0.004470607265148084,0.0006908640767932818,0.9935916781252775
4.429850714486124e-07,1.4437672658256942e-08,2.001801566124581e-07,0.9999993423970993
0.33590180202628717,3.9977978253415624e-05,0.00020705663736231755,0.6638511633580971
4.2421444278971076e-07,2.7936266653562233e-08,0.0004034466192466547,0.9995961012300438
0.8013036462748235,0.00016932704669425297,0.0066221971558247765,0.19190482952265744
5.855925788768323e-10,1.469589979391664e-10,1.446003270778668e-07,0.9999998546671214
4.229649097178302e-09,1.8161941632844311e-10,2.93742608093278e-07,0.9999997018461234
1.3375258936428515e-08,3.121577635558729e-08,0.00016615685745941712,0.9998337985515053
6.88223302030716e-05,2.6128024366917055e-06,0.9643734944019067,0.03555507046545346
9.717269167166556e-08,5.5197188779420756e-09,2.2846497531652024e-06,0.9999976126578363
3.273002043561156e-08,6.124956103166029e-09,6.796541856285198e-06,0.9999931646031671
1.313956428130088e-05,6.424944952758347e-06,0.08964232348847172,0.9103381120022942
0.06633385416742948,9.317476529150143e-05,0.08562260574804886,0.8479503653192301
0.9773215480410246,0.015681261259418884,0.0001493480835066335,0.00684784261604991
3.027926124427109e-11,5.982034986469392e-12,2.1919091201176597e-07,0.9999997807728268
1.7187850150800184e-08,5.404476555667183e-10,5.083877533703076e-08,0.9999999314329269
1.076098591751099e-08,4.0447079755888935e-10,1.5059824426121906e-09,0.9999999873285609
0.0003262791165537484,0.00029324785370171295,7.420355283919198e-07,0.9993797309942162
0.8355813657355412,0.16437033500542997,3.608255042191242e-05,1.2216708606970057e-05
0.2132138067522053,0.0015823329733418196,4.684258580276202e-05,0.7851570176886501
5.8845229951284105e-05,9.393006638424326e-07,0.9985955591951894,0.0013446562741955567
1.240793734401719e-10,2.0852358958464417e-10,1.6579597894892917e-06,0.9999983417076076
1.9843790788640897e-07,1.4399756653875737e-09,8.056031296190951e-10,0.9999997993165134
3.936967131856513e-10,2.939380288291022e-11,4.54732596117456e-07,0.9999995448443133
4.0146627472139744e-08,1.6014173691508526e-08,0.006914565577384476,0.9930853782618144
0.48155308384184364,0.0023247075466055573,1.7962342584129066e-06,0.5161204123772924
7.0632569459645424e-09,8.815117705020586e-10,6.735757913998984e-07,0.99999931847944
7.100800416669867e-07,5.021857559045537e-08,3.770475257970747e-05,0.9999615349488031
1.6255881271093724e-08,2.8176254078926763e-09,3.419082177805259e-05,0.9999657901047152
0.0016535487069912586,1.022526707627026e-06,3.939705392221619e-06,0.9983414890609088
0.0015181650670233538,1.9547552002980726e-06,0.6651709591723863,0.33330892100539006
0.0029175924714259435,0.011097726136380964,9.075744569982695e-07,0.9859837738177362
4.331543343902379e-06,1.4026573589615258e-07,0.037177965716396005,0.9628175624745242
5.057704532135356e-05,2.0823416828668546e-05,0.00016799864870801185,0.999760600889142
0.0007898672876096826,2.200927794716846e-06,0.9161369987436266,0.08307093304096887
0.0005663257045130924,5.378340174933648e-06,0.9888479184468179,0.010580377508494061
1.5074056700625113e-08,4.387650402000029e-09,6.065936088361943e-06,0.9999939146022044
7.041956289119082e-10,1.1710575617232848e-11,1.8264027230536453e-10,0.9999999991014534
0.0012082990301907478,0.0004258108080979401,0.000882422299096593,0.9974834678626148
3.360844399923039e-06,2.220353232786131e-06,1.0333643879414663e-05,0.9999840851584879
0.7900337314239246,0.009238263382825343,1.3197120925905711e-06,0.20072668548115746
8.929411935196876e-06,4.666697415333649e-07,1.2952863618993646e-05,0.9999776510547044
1.3449416184456427e-06,3.424691862993882e-09,1.1004165630669179e-08,0.999998640629524
2.4324892969202183e-05,1.985825827775433e-06,0.32788664725351535,0.6720870420276878
2.445159830906789e-05,1.993989786500599e-07,0.00010646459214742749,0.9998688844105648
1.311394046089827e-07,2.4412646774216603e-08,2.0297070604475216e-07,0.9999996414772425
1.440506675908471e-06,6.694075406232427e-08,1.1605199587904488e-09,0.99999849139205
0.00019679723578632804,3.499538057582075e-07,0.02591824874125674,0.9738846040691511
2.280802387392595e-09,2.289453109300298e-09,4.643562110381784e-08,0.9999999489941233
2.285836521090857e-07,5.187331921491095e-08,0.012877526413777,0.9871221931292518
2.305672884994099e-10,1.8227772828219333e-09,2.434266098163126e-06,0.9999975636805574
4.507105729890751e-08,3.668067341512318e-08,0.0016989379649315602,0.9983009802833378
8.406117830720724e-07,8.584134210398915e-07,8.937438997828768e-07,0.9999974072308963
3.971090729414146e-05,4.572118672131679e-07,0.9077180939711145,0.09224173790972419
6.466694949814271e-07,7.446266053673306e-08,1.8713366657039571e-06,0.9999974075311787
0.001236928270490967,2.214949872689635e-05,0.9984201318965428,0.0003207903342393642
8.739903389590934e-10,3.2763713125099565e-12,3.3553319430896364e-10,0.9999999987872001
4.254590069895025e-07,3.506405502231914e-07,6.045593763221054e-05,0.9999387679628107
3.883109398937108e-05,2.9202161674077367e-08,4.913124714780459e-09,0.9999611347907242
1.469961860982439e-06,4.2608966500457476e-08,0.11509965521376099,0.8848988322154115
1.8531486338327683e-06,6.46229028766832e-09,2.857792780136444e-09,0.9999981375312832
4.221452648196008e-07,1.7543654336218866e-08,6.349024486493503e-08,0.999999496820836
8.549698693001372e-10,1.8678843761124367e-10,5.506337787425927e-08,0.9999999438948637
1.6728585238406797e-06,3.0678033060889035e-07,0.0206381461980718,0.9793598741630737
0.8977881833757552,0.06403173205165122,5.338917049080384e-06,0.03817474565554463
3.289079446654342e-07,2.9150314612689818e-08,0.9999993967796598,2.4516208094882797e-07
3.5110023465247655e-06,2.3284898156919304e-07,0.0004933305126020018,0.9995029256360699
3.6678141816279508e-06,2.7262580843517412e-08,0.004589410522612789,0.9954068944006247
0.9833142622353561,0.001365522438208761,0.01246170025114687,0.0028585150752881002
1.911380664482141e-06,2.0422225173809972e-05,3.293314503576778e-05,0.999944733249126
0.95824102154019,0.000144701074662779,3.464002884132833e-05,0.041579637356305786
4.323683439936073e-05,1.8676920994762868e-06,2.2190615536003393e-05,0.999932704857965
6.571740713402897e-11,9.049838950386004e-12,1.62057022298149e-08,0.9999999837195306
5.662599044862118e-06,8.71993257025771e-05,1.2074644799911676e-06,0.9999059306107726
4.188783840382617e-05,0.0010064183956633966,4.691680509155717e-09,0.9989516890742522
0.01337935697527304,0.0004991002463481657,0.22944988196709767,0.7566716608112811
2.296738897201113e-06,5.493668646405417e-08,1.1600702316550223e-08,0.999997636723714
4.1910524523915097e-07,1.5615817981245966e-07,0.0027660162682969537,0.997233408468278
0.026836087742164547,3.7534271282932878e-06,0.02563428325991782,0.9475258755707895
0.0004354488284855047,2.5011472241000043e-05,1.038526680670057e-06,0.9995385011725928
4.209535939946499e-08,4.657289352999935e-09,0.004816287746902837,0.9951836655004483
1.431085589958522e-05,1.526360245599192e-07,0.9989671454139654,0.0010183910941103538
1.9937798170435585e-06,8.316543730037032e-09,2.177527542009735e-08,0.9999979761283637
0.024943236010705548,5.4147040331815885e-05,2.2646021570280427e-07,0.9750023904887469
1.1089168967326676e-06,2.0569764066692412e-10,2.946863133017305e-08,0.9999988614087744
0.052695686176526084,1.6643206864371935e-05,0.9185904825437636,0.028697188072845874
0.010945831644173787,0.010174529835247232,0.008558504420523578,0.9703211341000554
7.197873107694446e-07,6.823097047582001e-08,2.2662554134516318e-06,0.9999969457263053
3.8357358427634866e-08,2.7530248764941954e-08,5.610610975335346e-05,0.9999438280026394
0.04679097307222987,4.220129256482764e-05,0.03361387868004961,0.9195529469551557
0.11818091469185274,0.2234615379840895,0.001659287163192958,0.6566982601608649
5.025866789101584e-09,6.906647437308266e-11,7.873894512616221e-08,0.9999999161661216
2.1889559463595975e-05,3.4303780293086533e-07,0.9880925910973015,0.011885176305431901
5.45699443153366e-09,2.3259511705040376e-10,2.6241520057725564e-05,0.9999737527903528
1.47132662018938e-06,9.464461592403259e-07,0.9927908042732415,0.007206777953979082
2.9431967323332203e-06,6.523691844086913e-08,0.018724138460915786,0.9812728531054336
1.520862242357719e-06,3.82252359013764e-08,6.207693195159544e-07,0.9999978201432023
7.63496161876704e-06,2.0478273706666294e-06,0.9998063958494621,0.00018392136154839143
1.3681935572469015e-09,2.0281779967393913e-10,9.795369114218534e-07,0.9999990188920773
0.9998384424412482,0.00014397062235725337,1.3213441924813098e-05,4.373494469664314e-06
1.821212752488198e-08,7.976330916916041e-09,8.727563338789218e-06,0.9999912462482027
4.922995536947776e-10,6.850576986700396e-09,8.545733226836729e-07,0.9999991380838008
0.00019762455498034424,2.508280787974056e-05,5.320154143178087e-08,0.9997772394355986
0.7203076496242123,1.8751967559662796e-05,0.00019614807301242924,0.2794774503352156
0.9989977835311697,0.0006848781136031409,0.0001307454208404716,0.00018659293438664205
2.3752878092867555e-12,1.4528167815452654e-11,1.0571373152316584e-08,0.9999999894117234
7.022230169793254e-05,4.877914903566981e-06,2.1693773921503137e-05,0.9999032060094769
2.8120606766724007e-08,2.665973873240195e-08,3.099850356083839e-05,0.9999689467160937
2.9349874873076488e-08,3.0452354585944223e-10,1.6198827897023124e-10,0.9999999701836133
5.0700527226404416e-09,2.033191745477326e-09,8.338849169013829e-08,0.9999999095082639
3.105428914451754e-07,3.6829203848746365e-07,8.835912317323319e-08,0.999999232805947
0.00021960254867231546,2.8395237000713483e-05,4.963388928792984e-09,0.9997519972509381
0.00010123661304132493,1.1580049498225396e-05,5.064799332062773e-07,0.9998866768575273
6.152882491587724e-06,1.6683597387517397e-06,0.16516126498889663,0.834830913768873
5.655326320039105e-06,2.785537117380883e-08,6.119473288759138e-08,0.9999942556235759
4.62686172346236e-09,6.702544266605675e-10,2.7924661560287873e-06,0.9999972022367278
0.0002883933833290891,3.640028660374149e-07,0.9992877272020154,0.00042351541178937746
3.4746182068506524e-10,3.4910527672482444e-11,2.544353098573189e-07,0.9999997451823178
1.9836573041187176e-05,1.4957930392376027e-06,0.0002933690703611789,0.9996852985635585
1.8271767739117057e-08,6.982375060259768e-10,0.00011153849785818156,0.9998884425321365
4.05082030292491e-09,8.577474206511018e-09,6.570445268486367e-08,0.9999999216672527
0.9998670000773313,7.43018815678414e-05,6.749488532910027e-06,5.1948552568164366e-05
5.605924624283818e-06,1.2852691381521551e-08,0.10044348570496235,0.899550895517722
9.069346762641216e-06,2.405373035687952e-06,0.10277796987128815,0.8972105554089135
0.00036698991792873944,1.6438193561851183e-05,0.00012011005194126485,0.9994964618365682
5.876854942732495e-09,3.5132567762624407e-09,6.660560138883114e-07,0.9999993245538744
1.0079326262806242e-06,3.383963292614094e-07,0.00014022178611016107,0.9998584318849342
0.8567071661577825,0.00020749118435506615,0.01177331286077239,0.1313120297970899
5.320735605781749e-05,2.1543295559150336e-06,6.363836728150946e-07,0.9999440019307134
6.988029973905981e-09,1.445796579783167e-11,4.1872707602044837e-10,0.999999992578785
2.8294200314511613e-09,9.639781954433984e-09,7.218326183469359e-06,0.9999927692046146
